----------------------------------------------------------------------
State of RF after executing cycle:0
4
4
4
4
4
4
4
4
4
4
4
4
4
4
4
4
4
4
4
4
4
4
4
4
4
4
4
4
4
4
4
4
----------------------------------------------------------------------
State of RF after executing cycle:1
4
4
4
4
4
2147483646
4
4
4
4
4
4
4
4
4
4
4
4
4
4
4
4
4
4
4
4
4
4
4
4
4
4
----------------------------------------------------------------------
State of RF after executing cycle:2
4
4
4
4
4
8
4
4
4
4
4
4
4
4
4
4
4
4
4
4
4
4
4
4
4
4
4
4
4
4
4
4
----------------------------------------------------------------------
State of RF after executing cycle:3
4
4
4
4
4
8
0
4
4
4
4
4
4
4
4
4
4
4
4
4
4
4
4
4
4
4
4
4
4
4
4
4
----------------------------------------------------------------------
State of RF after executing cycle:4
4
4
4
4
4
8
0
4
4
4
0
4
4
4
4
4
4
4
4
4
4
4
4
4
4
4
4
4
4
4
4
4
----------------------------------------------------------------------
State of RF after executing cycle:5
4
4
4
4
4
8
0
4
4
4
4
4
4
4
4
4
4
4
4
4
4
4
4
4
4
4
4
4
4
4
4
4
----------------------------------------------------------------------
State of RF after executing cycle:6
4
4
4
4
4
8
0
4
4
4
4
4
14
4
4
4
4
4
4
4
4
4
4
4
4
4
4
4
4
4
4
4
----------------------------------------------------------------------
State of RF after executing cycle:7
4
4
0
4
4
8
0
4
4
4
4
4
14
4
4
4
4
4
4
4
4
4
4
4
4
4
4
4
4
4
4
4
----------------------------------------------------------------------
State of RF after executing cycle:8
4
4
0
4
4
8
0
4
4
4
4
4
14
4
4
4
4
4
4
4
4
4
4
4
4
4
4
4
4
4
4
4
----------------------------------------------------------------------
State of RF after executing cycle:9
4
0
0
4
4
8
0
4
4
4
4
4
14
4
4
4
4
4
4
4
4
4
4
4
4
4
4
4
4
4
4
4
----------------------------------------------------------------------
State of RF after executing cycle:10
4
0
0
4
4
8
0
4
4
4
4
4
14
4
4
4
4
4
4
4
4
4
4
4
4
4
4
4
4
4
4
4
